1
320
1021
1024
1025
1030
1031
1032
1033
1099
1142
1143
1145
1148
1173
1215
1222
1722
1726
1729
1745
1749
1750
1752
1756
1768
1773
1785
1791
1795
1802
1803
1825
1859
1860
1866
1923
1957
1966
1977
1979
1980
1982
1984
1987
1988
1990
1991
1993
1995
1996
1999
2017
2024
2032
2038
2049
2062
2063
2106
2107
2108
2109
2110
2112
2113
2114
2117
2121
2128
2144
2145
2147
2148
2152
2156
2158
2160
2214
2215
2245
2247
2248
2250
2264
2266
2271
2275
2305
2312
2318
2324
2326
2333
2362
2366
2392
2403
2410
2480
2490
2542
2653
2674
