1
320
479
836
873
896
929
932
968
969
1017
1021
1024
1025
1030
1031
1032
1033
1099
1142
1143
1145
1148
1173
1215
1222
1722
1726
1729
1745
1747
1749
1750
1752
1756
1768
1773
1785
1791
1795
1802
1803
1825
1859
1860
1866
1908
1917
1919
1922
1923
1939
1943
1957
1966
1977
1979
1980
1982
1984
1987
1988
1990
1991
1993
1995
1996
1999
2017
2024
2031
2032
2038
2049
2062
2063
2106
2107
2108
2109
2110
2112
2113
2114
2117
2121
2128
2144
2145
2147
2148
2152
2153
2155
2156
2157
2158
2159
2160
2173
2214
2215
2231
2245
